
ui_timespan_months <-
  c(
    "1 month" = 1,
    "2m" = 2,
    "3m" = 3,
    "6m" = 6,
    "9m" = 9,
    "1 year" = 12,
    "1y6m" = 18,
    "2y" = 24,
    "3y" = 36,
    "5y" = 60,
    "10 year" = 120
  )
