
ui_timespan_months <-
  c(
    "1 month" = 1,
    "2m" = 2,
    "3m" = 3,
    "4m" = 4,
    "5m" = 5,
    "6m" = 6,
    "7m" = 7,
    "8m" = 8,
    "9m" = 9,
    "10m" = 10,
    "11m" = 11,
    "1 year" = 12,
    "15m" = 15,
    "18m" = 18,
    "21m" = 21,
    "2y" = 24,
    "2.5y" = 30,
    "3y" = 36,
    "4y" = 48,
    "5y" = 60,
    "6y" = 72,
    "7y" = 84,
    "8y" = 96,
    "9y" = 108,
    "10 year" = 120
  )
